33851     0.804018  806  351.25   1   
33851     0.804988  809.75  351.25   1   
33851     0.805576  815.75  349.75   1   
33851     0.806072  823.25  349   1   
33851     0.806525  833.75  346.75   1   
33851     0.806985  847.25  346.75   1   
33851     0.807460  867.5  346.75   1   
33851     0.807924  1349.75  364.75   1   
33851     0.836123  1372.25  364.75   1   
33851     0.841364  1378.25  364.75   1   
33851     0.849586  1385.75  364.75   1   
33851     0.857437  1391.75  364.75   1   
33851     0.865281  1395.5  364.75   1   
33851     0.873017  1398.5  364.75   1   
33851     0.881223  1399.25  364.75   1   
33852     0.122631  1400  364.75   1   
33852     0.146231  1399.25  364   1   
33852     0.154082  1398.5  364   1   
33852     0.161704  1397  364   1   
33852     0.169299  1393.25  363.25   1   
33852     0.177924  1390.25  363.25   1   
33852     0.186170  1386.5  362.5   1   
33852     0.193950  1382  362.5   1   
33852     0.201921  1377.5  362.5   1   
33852     0.210435  1372.25  362.5   1   
33852     0.217763  1367.75  362.5   1   
33852     0.226197  1363.25  362.5   1   
33852     0.234464  1358.75  362.5   1   
33852     0.242401  1355.75  362.5   1   
33852     0.252433  1352.75  362.5   1   
33852     0.261863  1352  362.5   1   
33852     0.270775  1350.5  362.5   1   
33852     0.281953  1349.75  362.5   1   
33852     0.298651  1349  362.5   1   
33852     0.354096  1349  363.25   1   
33852     0.370376  1349  364   1   
33852     0.385431  1349  364.75   1   
33852     0.893507  1348.25  365.5   1   
33852     0.904636  1347.5  367.75   1   
33852     0.914441  1346.75  369.25   1   
33852     0.937085  1346  370.75   1   
33852     0.954121  1345.25  371.5   1   
33860     0.067598  1323.5  369.25   1   
33860     0.411224  1330.25  366.25   1   
33860     0.422014  1341.5  362.5   1   
33860     0.431515  1357.25  360.25   1   
33860     0.439032  1369.25  360.25   1   
33860     0.442679  1379.75  358.75   1   
33860     0.449007  1387.25  358.75   1   
33860     0.457918  1391.75  358.75   1   
33860     0.465409  1394  358.75   1   
33860     0.650598  1388.75  358.75   1   
33860     0.658926  1379  353.5   1   
33860     0.666367  1360.25  338.5   1   
33860     0.674337  1337.75  313   1   
33860     0.683867  1313.75  265.75   1   
33860     0.692915  1293.5  216.25   1   
33860     0.701872  1280.75  161.5   1   
33860     0.708869  1264.25  111.25   1   
33860     0.715067  1248.5  56.5   1   
33860     0.721112  1235.75  10   1   
33860     0.732219  1222.25  395   2   
33860     0.737120  1210.25  354.5   2   
33860     0.745065  1196.75  317.75   2   
33860     0.753787  1186.25  292.25   2   
33860     0.761198  1178  275   2   
33860     0.769296  1172  260   2   
33860     0.777572  1166.75  251   2   
33860     0.786169  1163.75  245   2   
33860     0.793532  1161.5  239.75   2   
33860     0.801848  1157  233   2   
33860     0.810058  1154  229.25   2   
33860     0.818034  1151  224.75   2   
33860     0.825986  1147.25  221   2   
33860     0.833833  1145  219.5   2   
33860     0.842793  1142.75  218   2   
33860     0.849778  1137.5  216.5   2   
33860     0.930792  1113.5  213.5   2   
33860     0.969071  1031.75  220.25   2   
33860     0.975304  1021.25  220.25   2   
33860     0.981092  1012.25  220.25   2   
33860     0.986523  1003.25  220.25   2   
33861     0.011914  977  220.25   2   
33861     0.020551  950.75  220.25   2   
33861     0.025844  939.5  220.25   2   
33861     0.042111  929  220.25   2   
33861     0.049594  913.25  218.75   2   
33861     0.064371  907.25  217.25   2   
33861     0.066688  902  214.25   2   
33861     0.078770  899  212.75   2   
33861     0.090385  895.25  209.75   2   
33861     0.102169  893  208.25   2   
33861     0.123299  890  205.25   2   
33861     0.126957  888.5  204.5   2   
33861     0.131285  884.75  201.5   2   
33862     0.403865  714.5  210.5   2   
33862     0.418372  696.5  235.25   2   
33862     0.420106  641.75  309.5   2   
33862     0.430963  608.75  348.5   2   
33862     0.432347  572  389.75   2   
33862     0.454530  505.25  31   1   
33862     0.462117  446.75  82   1   
33862     0.470133  419.75  105.25   1   
33866     0.493433  821.75  199   1   
33866     0.507037  822.5  199   1   
33867     0.137209  823.25  199   1   
33867     0.193593  824  199   1   
33871     0.762767  828.5  3.25   1   
33871     0.769866  812  10.75   1   
33871     0.777913  791  17.5   1   
33871     0.785477  768.5  25   1   
33871     0.793293  743  37   1   
33871     0.802048  713.75  46.75   1   
33871     0.811754  679.25  57.25   1   
33871     0.820974  648.5  68.5   1   
33871     0.831942  613.25  82.75   1   
33871     0.833585  578  96.25   1   
33871     0.841476  539  112.75   1   
33871     0.850772  499.25  130.75   1   
33871     0.857029  458  148   1   
33871     0.866610  419  164.5   1   
33871     0.873600  380.75  184   1   
33871     0.881595  345.5  200.5   1   
33871     0.890884  314  213.25   1   
33871     0.899411  293  223   1   
33871     0.907977  275.75  229.75   1   
33871     0.913852  264.5  234.25   1   
33871     0.921193  257.75  238   1   
33871     0.930369  253.25  240.25   1   
33871     0.938091  249.5  241.75   1   
33871     0.945384  247.25  241.75   1   
33871     0.953964  246.5  242.5   1   
33871     0.985595  246.5  243.25   1   
33871     0.993814  245.75  244   1   
33872     0.001636  245.75  244.75   1   
33872     0.009881  245  244.75   1   
33872     0.356068  245  244   1   
33872     0.438462  245  243.25   1   
33872     0.439807  245  242.5   1   
33872     0.606145  245  241   1   
33872     0.607771  245  238.75   1   
33872     0.613359  246.5  233.5   1   
33872     0.637349  250.25  227.5   1   
33872     0.638766  254  223   1   
33872     0.647133  264.5  211.75   1   
33872     0.653978  269  207.25   1   
33872     0.658970  276.5  200.5   1   
33872     0.674795  285.5  192.25   1   
33872     0.683573  315.5  166.75   1   
33872     0.690674  337.25  146.5   1   
33872     0.707102  364.25  125.5   1   
33872     0.714280  419.75  71.5   1   
33872     0.721185  449  43   1   
33872     0.741708  478.25  20.5   1   
33880     0.645310  958.25  377.75   2   
33880     0.651849  968.75  379.25   2   
33880     0.657554  974.75  380.75   2   
33880     0.665631  980  381.5   2   
33880     0.673308  981.5  381.5   2   
33880     0.705492  981.5  383   2   
33880     0.722264  981.5  385.25   2   
33880     0.737360  981.5  386.75   2   
33880     0.745273  981.5  388.25   2   
33880     0.753278  981.5  389.75   2   
33880     0.762025  980  391.25   2   
33880     0.769076  977.75  394.25   2   
33880     0.776891  974.75  395.75   2   
33880     0.785310  969.5  398.75   2   
33880     0.793085  961.25  401.75   2   
33880     0.800856  954.5  403.25   2   
33880     0.923562  528.5  405.5   2   
33880     0.929637  513.5  405.5   2   
33880     0.937680  503.75  405.5   2   
33880     0.945491  497.75  404.75   2   
33880     0.953540  494.75  404.75   2   
33880     0.961410  493.25  404   2   
33881     0.061310  493.25  403.25   2   
33881     0.062144  493.25  402.5   2   
33881     0.062914  493.25  401   2   
33881     0.079456  493.25  395   2   
33881     0.085672  493.25  393.5   2   
33881     0.091696  493.25  392.75   2   
33881     0.105403  493.25  392   2   
33881     0.108916  494.75  390.5   2   
33881     0.120358  497  388.25   2   
33881     0.123881  500.75  385.25   2   
33881     0.134710  504.5  382.25   2   
33881     0.138553  509.75  379.25   2   
33881     0.153079  515.75  376.25   2   
33881     0.156728  525.5  372.5   2   
33882     0.554602  605.75  356.75   2   
33882     0.803678  574.25  371.75   2   
33882     0.815939  572  372.5   2   
33882     0.900193  572  371   2   
33882     0.904822  574.25  368.75   2   
33882     0.915932  578.75  365   2   
33882     0.927941  584  360.5   2   
33882     0.946679  591.5  354.5   2   
33882     0.947820  600.5  348.5   2   
33882     0.952045  614.75  337.25   2   
33883     0.144576  634.25  320   2   
33883     0.147032  650.75  307.25   2   
33883     0.147651  667.25  295.25   2   
33883     0.148172  686  283.25   2   
33883     0.148627  757.25  227   2   
33883     0.152680  758  226.25   2   
33883     0.168042  758  225.5   2   
33883     0.184423  758  224.75   2   
33883     0.192147  758  223.25   2   
33883     0.200366  758  221.75   2   
33883     0.208386  758  219.5   2   
33883     0.216734  757.25  217.25   2   
33883     0.224615  755.75  213.5   2   
33883     0.232262  752.75  210.5   2   
33883     0.240351  750.5  208.25   2   
33883     0.248626  746.75  205.25   2   
33883     0.256481  740  203   2   
33883     0.264573  732.5  200.75   2   
33887     0.313521  274.25  106   1   
33887     0.438206  772.25  51.25   1   
33887     0.522960  809.75  37   1   
33887     0.554792  806  42.25   1   
33887     0.565832  800  50.5   1   
33887     0.575875  795.5  56.5   1   
33887     0.588573  781.25  72.25   1   
33887     0.599314  770  85.75   1   
33887     0.605842  756.5  99.25   1   
33887     0.610091  743  111.25   1   
33887     0.617799  725.75  121   1   
33887     0.625752  709.25  130.75   1   
33887     0.633623  695.75  138.25   1   
33887     0.645461  680  145   1   
33887     0.650314  671.75  148   1   
33887     0.655727  653.75  159.25   1   
33887     0.663971  631.25  172   1   
33887     0.672150  603.5  187.75   1   
33887     0.683089  566  207.25   1   
33887     0.708852  492.5  243.25   1   
33887     0.925825  299  308.5   1   
33888     0.232473  994.25  364.75   1   
33888     0.240908  995.75  367   1   
33888     0.245101  998  369.25   1   
33888     0.248993  998  370.75   1   
33888     0.256509  998  371.5   1   
33888     0.264850  998  372.25   1   
33888     0.273062  998  373   1   
33888     0.280840  998  373.75   1   
33888     0.288353  998  374.5   1   
33888     0.296569  998  375.25   1   
33888     0.312221  998  376   1   
33888     0.319766  997.25  377.5   1   
33888     0.327799  996.5  378.25   1   
33888     0.335878  995  379   1   
33888     0.360600  995  380.5   1   
33888     0.368737  995  382   1   
33888     0.377705  995.75  383.5   1   
33888     0.386191  997.25  385.75   1   
33888     0.394188  998.75  388.75   1   
33888     0.400808  999.5  391   1   
33888     0.409662  1001  393.25   1   
33888     0.418076  1001  394.75   1   
33888     0.426265  1001  397   1   
33888     0.433255  1001.75  399.25   1   
33888     0.440379  1002.5  400   1   
33888     0.448404  1003.25  401.5   1   
33888     0.455986  1004.75  403   1   
33888     0.464967  1006.25  405.25   1   
33888     0.471847  1010.75  408.25   1   
33888     0.480366  1014.5  410.5   1   
33888     0.488120  1019  412.75   1   
33888     0.496027  1022.75  413.5   1   
33888     0.504018  1028.75  415.75   1   
33888     0.512098  1034  417.25   1   
33888     0.520149  1039.25  420.25   1   
33888     0.529068  1043.75  422.5   1   
33888     0.537049  1047.5  423.25   1   
33888     0.544144  1050.5  424.75   1   
33889     0.005766  1088.75  463   1   
33889     0.130911  1087.25  463   1   
33889     0.145657  1085  462.25   1   
33889     0.149431  1082.75  458.5   1   
33889     0.152993  1079  454.75   1   
33889     0.162152  1073  451   1   
33889     0.170944  1067  447.25   1   
33889     0.179086  1056.5  443.5   1   
33889     0.187366  1042.25  440.5   1   
33889     0.197157  1021.25  437.5   1   
33889     0.208233  993.5  435.25   1   
33889     0.212529  957.5  435.25   1   
33889     0.410225  452.75  485.5   1   
33889     0.487154  398  500.5   1   
33889     0.488194  348.5  508   1   
33889     0.489239  39.5  527.5   1   
33894     0.180265  1412  0.25   1   
33894     0.268434  1228.25  361.25   2   
33894     0.341871  1181.75  340.25   2   
33901     0.587565  1344.5  522.25   1   
33901     0.599264  1346.75  516.25   1   
33901     0.608709  1349  506.5   1   
33901     0.617341  1352  499.75   1   
33901     0.624323  1352.75  492.25   1   
33901     0.629518  1353.5  483.25   1   
33901     0.634209  1355  476.5   1   
33901     0.647085  1355  470.5   1   
33901     0.652336  1355  465.25   1   
33901     0.657441  1355  459.25   1   
33901     0.665465  1355  455.5   1   
33901     0.674523  1355  451   1   
33901     0.681775  1355  444.25   1   
33901     0.689451  1355  439.75   1   
33901     0.697828  1353.5  433.75   1   
33901     0.706412  1350.5  427   1   
33901     0.713952  1349.75  424   1   
33901     0.722843  1347.5  415.75   1   
33901     0.729489  1345.25  409   1   
33901     0.737738  1343  400.75   1   
33901     0.746725  1341.5  393.25   1   
33901     0.762924  1338.5  380.5   1   
33901     0.771006  1336.25  377.5   1   
33901     0.777887  1334.75  373.75   1   
33901     0.788166  1333.25  370.75   1   
33901     0.794994  1332.5  370   1   
33901     0.801179  1331.75  368.5   1   
33901     0.817927  1330.25  367   1   
33901     0.890363  1329.5  366.25   1   
33901     0.906859  1328  369.25   1   
33901     0.916348  1328  370   1   
33901     0.925168  1328  371.5   1   
33901     0.934127  1328  373.75   1   
33901     0.940783  1328  376.75   1   
33901     0.946230  1328  379.75   1   
33901     0.969865  1328  394   1   
33901     0.978971  1328.75  399.25   1   
33901     0.987108  1331  404.5   1   
33901     0.993981  1331.75  409   1   
33902     0.002398  1331.75  411.25   1   
33902     0.009951  1331.75  412   1   
33902     0.017959  1332.5  412.75   1   
33902     0.027072  1332.5  413.5   1   
33902     0.041931  1332.5  414.25   1   
33902     0.051493  1333.25  415   1   
33902     0.058251  1333.25  415.75   1   
33902     0.114123  1334  416.5   1   
33902     0.232028  1334  415.75   1   
33902     0.233679  1334  414.25   1   
33902     0.235088  1334  413.5   1   
33902     0.236447  1334  411.25   1   
33902     0.270931  1337  355.75   1   
33902     0.302657  1337.75  344.5   1   
33902     0.310843  1337.75  342.25   1   
33902     0.317988  1337.75  340.75   1   
33902     0.395418  1337.75  340   1   
33902     0.446676  1337  337   1   
33902     0.454673  1336.25  334.75   1   
33902     0.461808  1334  331   1   
33902     0.467435  1331.75  328.75   1   
33902     0.485794  1331  328   1   
33902     0.492065  1328  325   1   
33902     0.510869  1326.5  323.5   1   
33902     0.518591  1325  322.75   1   
33902     0.739050  1334.75  380.5   1   
33902     0.776815  1337.75  394   1   
33902     0.785481  1337.75  395.5   1   
33902     0.794051  1337.75  396.25   1   
33902     0.801395  1337.75  397.75   1   
33902     0.809495  1337.75  398.5   1   
33902     0.817905  1337.75  400   1   
33902     0.825076  1339.25  401.5   1   
33902     0.841050  1339.25  402.25   1   
33902     0.849016  1339.25  403   1   
33902     0.865361  1339.25  403.75   1   
33902     0.905118  1339.25  404.5   1   
33902     0.914210  1339.25  406   1   
33902     0.930906  1339.25  406.75   1   
33902     0.937471  1339.25  407.5   1   
33902     0.961876  1339.25  408.25   1   
33903     0.186380  1337.75  408.25   1   
33903     0.226364  1337.75  407.5   1   
33903     0.249813  1337  407.5   1   
33904     0.111028  1337  409   1   
33904     0.111780  1337  409.75   1   
33904     0.119178  1337  410.5   1   
33904     0.146338  1337  411.25   1   
33904     0.242454  1336.25  412   1   
33904     0.563424  1336.25  412.75   1   
33904     0.571013  1336.25  413.5   1   
33904     0.587615  1336.25  414.25   1   
33906     0.796409  1332.5  414.25   1   
33906     0.797298  542.75  498.25   1   
33906     0.801428  480.5  506.5   1   
33906     0.801977  423.5  509.5   1   
33906     0.805264  372.5  511   1   
33906     0.808694  331.25  515.5   1   
33906     0.818159  293  515.5   1   
33906     0.825539  266  515.5   1   
33906     0.834047  243.5  515.5   1   
33906     0.841929  233  515.5   1   
33906     0.849592  224  514.75   1   
33906     0.857101  217.25  512.5   1   
33906     0.866965  211.25  509.5   1   
33906     0.873097  207.5  506.5   1   
33906     0.882722  203.75  504.25   1   
33906     0.889087  202.25  502   1   
33906     0.898240  199.25  499.75   1   
33906     0.905359  197.75  496.75   1   
33906     0.914338  196.25  494.5   1   
33906     0.923137  194  491.5   1   
33906     0.931474  193.25  488.5   1   
33906     0.939438  191  484.75   1   
33906     0.946536  189.5  481.75   1   
33906     0.953815  186.5  477.25   1   
33906     0.962963  185  473.5   1   
33906     0.969792  182  469.75   1   
33906     0.978618  179  465.25   1   
33906     0.985053  176  460   1   
33906     0.993274  174.5  454   1   
33907     0.001519  171.5  446.5   1   
33907     0.010167  167  437.5   1   
33907     0.017634  163.25  427.75   1   
33907     0.025901  158.75  419.5   1   
33907     0.033306  153.5  409   1   
33907     0.041620  152  401.5   1   
33907     0.049247  148.25  395.5   1   
33907     0.057425  146.75  388.75   1   
33907     0.065560  145.25  385   1   
33907     0.073203  145.25  381.25   1   
33907     0.082483  142.25  376   1   
33907     0.089266  142.25  370.75   1   
33907     0.099519  139.25  364.75   1   
33907     0.105601  138.5  359.5   1   
33907     0.114021  137.75  354.25   1   
33907     0.122866  137.75  350.5   1   
33907     0.131851  137  343.75   1   
33907     0.140235  137  341.5   1   
33907     0.147051  136.25  337.75   1   
33907     0.154361  136.25  337   1   
33907     0.161630  136.25  334   1   
33907     0.171000  136.25  332.5   1   
33907     0.177717  136.25  331   1   
33907     0.186234  136.25  328   1   
33907     0.194009  136.25  325.75   1   
33907     0.203207  136.25  322.75   1   
33907     0.209894  136.25  319.75   1   
33907     0.217872  136.25  316.75   1   
33907     0.225591  136.25  314.5   1   
33907     0.232966  136.25  312.25   1   
33907     0.241660  136.25  310.75   1   
33907     0.250766  136.25  308.5   1   
33907     0.258132  136.25  306.25   1   
33907     0.267754  136.25  303.25   1   
33907     0.274210  136.25  301   1   
33907     0.282566  136.25  298   1   
33907     0.289230  136.25  295   1   
33907     0.298287  136.25  292   1   
33907     0.306413  136.25  289.75   1   
33907     0.314810  136.25  286   1   
33907     0.322236  136.25  284.5   1   
33907     0.331818  136.25  282.25   1   
33907     0.340806  136.25  279.25   1   
33907     0.349580  136.25  277   1   
33907     0.356501  136.25  275.5   1   
33907     0.362097  136.25  273.25   1   
33907     0.377491  136.25  271.75   1   
33907     0.385716  136.25  271   1   
33907     0.394874  136.25  269.5   1   
33907     0.401781  136.25  268.75   1   
33907     0.409943  136.25  268   1   
33907     0.419072  137  267.25   1   
33907     0.425845  137.75  265.75   1   
33907     0.441578  139.25  264.25   1   
33907     0.449721  140  263.5   1   
33907     0.456676  141.5  262.75   1   
33907     0.465431  144.5  261.25   1   
33907     0.473306  146  260.5   1   
33907     0.482809  147.5  259   1   
33907     0.490451  149  258.25   1   
33907     0.498453  152  258.25   1   
33907     0.505792  155.75  256.75   1   
33907     0.513302  158  256.75   1   
33907     0.521734  161  255.25   1   
33907     0.529447  164  255.25   1   
33907     0.537302  167.75  254.5   1   
33907     0.546228  170.75  253.75   1   
33907     0.553815  173  252.25   1   
33907     0.562317  177.5  252.25   1   
33907     0.569205  179.75  251.5   1   
33907     0.578301  181.25  251.5   1   
33907     0.584904  182.75  251.5   1   
33907     0.637985  185.75  251.5   1   
33907     0.670094  188  250.75   1   
33907     0.679633  188.75  250.75   1   
33907     0.688368  189.5  250.75   1   
33907     0.711595  190.25  250.75   1   
33907     0.730333  191  250.75   1   
33907     0.736784  191.75  250.75   1   
33907     0.743438  192.5  250.75   1   
33907     0.778566  193.25  250.75   1   
33907     0.839741  194  250.75   1   
33908     0.125873  198.5  250   1   
33908     0.274641  199.25  250   1   
33908     0.284229  200  250   1   
33908     0.292996  200.75  250   1   
33908     0.321616  201.5  250   1   
33908     0.338526  202.25  250   1   
33908     0.353646  203  250   1   
33908     0.369792  203.75  249.25   1   
33908     0.385058  205.25  249.25   1   
33908     0.401883  206.75  249.25   1   
33908     0.410272  208.25  249.25   1   
33908     0.418597  209  248.5   1   
33908     0.426324  209.75  248.5   1   
33908     0.433703  210.5  248.5   1   
33908     0.440937  212  247.75   1   
33908     0.449464  212.75  247.75   1   
33908     0.465798  214.25  247   1   
33908     0.473463  215  247   1   
33908     0.481056  215.75  247   1   
33908     0.488915  217.25  247   1   
33908     0.497910  218  247   1   
33908     0.506647  218.75  247   1   
33908     0.513391  219.5  246.25   1   
33908     0.520976  220.25  246.25   1   
33908     0.529365  222.5  246.25   1   
33908     0.545722  223.25  246.25   1   
33908     0.556428  224.75  246.25   1   
33908     0.564775  226.25  246.25   1   
33908     0.571681  227.75  246.25   1   
33908     0.576823  230  244.75   1   
33908     0.586213  231.5  244.75   1   
33908     0.592784  234.5  244   1   
33908     0.601622  238.25  243.25   1   
33908     0.609633  244.25  243.25   1   
33908     0.617458  248  242.5   1   
33908     0.625003  252.5  241.75   1   
33908     0.633364  257.75  241.75   1   
33908     0.641390  263  241   1   
33908     0.649602  266.75  241   1   
33908     0.657535  269.75  240.25   1   
33908     0.666234  273.5  240.25   1   
33908     0.673044  278  239.5   1   
33908     0.681553  282.5  238   1   
33908     0.688862  287  238   1   
33908     0.697177  290.75  237.25   1   
33908     0.704753  296.75  236.5   1   
33908     0.712795  305  235.75   1   
33908     0.721089  313.25  234.25   1   
33908     0.729246  324.5  232   1   
33908     0.737213  337.25  231.25   1   
33908     0.745200  353  229   1   
33908     0.752904  370.25  226.75   1   
33908     0.761189  391.25  224.5   1   
33908     0.769121  411.5  221.5   1   
33908     0.777025  434  220   1   
33908     0.785047  455.75  216.25   1   
33908     0.792612  474.5  215.5   1   
33908     0.800800  495.5  214   1   
33908     0.808388  513.5  211   1   
33908     0.816810  532.25  209.5   1   
33908     0.824833  554  205.75   1   
33908     0.833427  575  203.5   1   
33908     0.840622  602  202.75   1   
33908     0.848951  637.25  198.25   1   
33908     0.857241  665.75  196.75   1   
33908     0.865122  701  196.75   1   
33908     0.872694  737  196.75   1   
33908     0.881387  771.5  196.75   1   
33908     0.889033  804.5  196.75   1   
33908     0.897321  834.5  196.75   1   
33908     0.905074  865.25  196.75   1   
33908     0.912859  898.25  199   1   
33908     0.977061  1003.25  214.75   1   
33909     0.009114  1239.5  262.75   1   
33909     0.018598  1282.25  276.25   1   
33909     0.027152  1299.5  282.25   1   
33909     0.035140  1314.5  289.75   1   
33909     0.058143  1337  300.25   1   
33909     0.065138  1352.75  309.25   1   
33909     0.080206  1358  313   1   
33909     0.096748  1365.5  323.5   1   
33909     0.102831  1368.5  328.75   1   
33909     0.121079  1371.5  340   1   
33909     0.127158  1372.25  345.25   1   
33909     0.147030  1374.5  353.5   1   
33909     0.153665  1375.25  358.75   1   
33909     0.175076  1375.25  360.25   1   
33909     0.178846  1375.25  362.5   1   
33909     0.182887  1375.25  364.75   1   
33909     0.202718  1375.25  370.75   1   
33909     0.207217  1375.25  373   1   
33909     0.209582  1375.25  376   1   
33909     0.222983  1375.25  377.5   1   
33909     0.250099  1375.25  382   1   
33909     0.256835  1375.25  382.75   1   
33909     0.261760  1375.25  383.5   1   
33909     0.279413  1375.25  384.25   1   
33909     0.284015  1374.5  385   1   
33909     0.478564  1357.25  414.25   1   
33909     0.487648  1356.5  415   1   
33909     0.488192  1353.5  418   1   
33909     0.488644  1352.75  419.5   1   
33909     0.489094  1351.25  421   1   
33909     0.489505  1349  424   1   
33909     0.489887  1345.25  427   1   
33909     0.490320  1343  428.5   1   
33909     0.497029  1326.5  436   1   
33909     0.505300  1322  436.75   1   
33909     0.513668  1316  437.5   1   
33909     0.522162  1313  437.5   1   
33909     0.529284  1310  437.5   1   
33909     0.538196  1305.5  437.5   1   
33909     0.544882  1301.75  437.5   1   
33909     0.553073  1298.75  437.5   1   
33909     0.561077  1295.75  437.5   1   
33909     0.569154  1292  437.5   1   
33909     0.577867  1289.75  437.5   1   
33909     0.584553  1288.25  437.5   1   
33909     0.593680  1287.5  437.5   1   
33909     0.602201  1286.75  437.5   1   
33909     0.609619  1285.25  437.5   1   
33909     0.616610  1283.75  437.5   1   
33909     0.626047  1282.25  436   1   
33909     0.632894  1280  436   1   
33909     0.640643  1276.25  434.5   1   
33909     0.649618  1275.5  433   1   
33909     0.657291  1274  433   1   
33909     0.664677  1272.5  432.25   1   
33909     0.673838  1271  431.5   1   
33909     0.681856  1271  430.75   1   
33909     0.689733  1269.5  430   1   
33909     0.697770  1268.75  430   1   
33909     0.705591  1267.25  430   1   
33909     0.714952  1266.5  430   1   
33909     0.729407  1265.75  430   1   
33909     0.746023  1264.25  430   1   
33909     0.761367  1263.5  430   1   
33909     0.786281  1262  428.5   1   
33909     0.795709  1261.25  428.5   1   
33909     0.804628  1259.75  428.5   1   
33909     0.813555  1259  428.5   1   
33909     0.826773  1258.25  428.5   1   
33909     0.834947  1257.5  428.5   1   
33909     0.849946  1256.75  428.5   1   
33909     0.865638  1256  428.5   1   
33909     0.890986  1255.25  427.75   1   
33909     0.914599  1253.75  427.75   1   
33909     0.929855  1253  426.25   1   
33909     0.938742  1252.25  425.5   1   
33909     0.947691  1251.5  425.5   1   
33909     0.954454  1250  424.75   1   
33909     0.962406  1249.25  423.25   1   
33909     0.969831  1248.5  421   1   
33909     0.978012  1247  418.75   1   
33909     0.985810  1245.5  414.25   1   
33909     0.993724  1244.75  409.75   1   
33910     0.002141  1242.5  405.25   1   
33910     0.009415  1241  399.25   1   
33910     0.017788  1239.5  394   1   
33910     0.026017  1238  387.25   1   
33910     0.033969  1235.75  379.75   1   
33910     0.041357  1234.25  371.5   1   
33910     0.049948  1230.5  362.5   1   
33910     0.059726  1229  354.25   1   
33910     0.066470  1226  346   1   
33910     0.074813  1226  337.75   1   
33910     0.082085  1223  329.5   1   
33910     0.091798  1223  325.75   1   
33910     0.101096  1222.25  319.75   1   
33910     0.109695  1221.5  316   1   
33910     0.117300  1221.5  313   1   
33910     0.122919  1221.5  311.5   1   
33910     0.129877  1221.5  310.75   1   
33910     0.138906  1221.5  310   1   
33910     0.194826  1221.5  309.25   1   
33910     0.204500  1222.25  309.25   1   
33910     0.212692  1223.75  310   1   
33910     0.219825  1225.25  313   1   
33910     0.225239  1226.75  317.5   1   
33910     0.233150  1229  324.25   1   
33910     0.241176  1233.5  331   1   
33910     0.250105  1236.5  340.75   1   
33910     0.258490  1243.25  352.75   1   
33910     0.265119  1249.25  364.75   1   
33910     0.273686  1259  379   1   
33910     0.281460  1265  392.5   1   
33910     0.348988  1280.75  415.75   1   
33910     0.380648  1287.5  429.25   1   
33910     0.390327  1285.25  429.25   1   
33910     0.399787  1280.75  425.5   1   
33910     0.408170  1276.25  420.25   1   
33910     0.430522  1263.5  400.75   1   
33910     0.438289  1244.75  370   1   
33910     0.444840  1237.25  358   1   
33910     0.465584  1230.5  346   1   
33910     0.466248  1225.25  336.25   1   
33910     0.473439  1217  319.75   1   
33910     0.492902  1213.25  313   1   
33910     0.499418  1212.5  304   1   
33910     0.505999  1211  300.25   1   
33910     0.524927  1210.25  297.25   1   
33910     0.533060  1209.5  289   1   
33910     0.539305  1208.75  283   1   
33910     0.553871  1207.25  279.25   1   
33910     0.560115  1205.75  274.75   1   
33910     0.566688  1205  271.75   1   
33910     0.569764  1204.25  268.75   1   
33910     0.583991  1203.5  266.5   1   
33910     0.590641  1202  265   1   
33910     0.609492  1201.25  264.25   1   
33910     0.616045  1200.5  263.5   1   
33910     0.631837  1199.75  262.75   1   
33910     0.657186  1196.75  262.75   1   
33910     0.662796  1196  262.75   1   
33910     0.666959  1194.5  262.75   1   
33910     0.685588  1191.5  262.75   1   
33910     0.692130  1186.25  265.75   1   
33910     0.699056  1183.25  268.75   1   
33910     0.890956  1180.25  292.75   1   
33910     0.961986  1180.25  293.5   1   
33910     0.977776  1181  294.25   1   
33910     0.994065  1181.75  295   1   
33911     0.009279  1181.75  295.75   1   
33911     0.017827  1182.5  296.5   1   
33911     0.033370  1182.5  297.25   1   
33911     0.057964  1183.25  298   1   
33913     0.419669  1184  298   1   
33913     0.430644  1185.5  296.5   1   
33913     0.440563  1186.25  288.25   1   
33913     0.447936  1186.25  281.5   1   
33913     0.466869  1186.25  264.25   1   
33913     0.473932  1186.25  245.5   1   
33913     0.490635  1186.25  234.25   1   
33913     0.497511  1188.5  220   1   
33913     0.500716  1189.25  201.25   1   
33913     0.515172  1189.25  184.75   1   
33913     0.521096  1190.75  148   1   
33913     0.539596  1190.75  133   1   
33913     0.545552  1190.75  108.25   1   
33913     0.570280  1190.75  98.5   1   
33913     0.574756  1190.75  87.25   1   
33913     0.579490  1190.75  70   1   
33913     0.597778  1191.5  62.5   1   
33913     0.604115  1191.5  51.25   1   
33913     0.813709  1191.5  0.25   1   
33913     0.821905  1191.5  422   2   
33913     0.824590  1193  382.25   2   
33914     0.002015  1193.75  382.25   2   
33914     0.010942  1193.75  383   2   
33914     0.018275  1193.75  384.5   2   
33914     0.024819  1193.75  385.25   2   
33914     0.032713  1193.75  386.75   2   
33914     0.040734  1193.75  387.5   2   
33914     0.048819  1193.75  389.75   2   
33914     0.057450  1193.75  392   2   
33914     0.065291  1195.25  394.25   2   
33914     0.072862  1195.25  395   2   
33914     0.089031  1195.25  396.5   2   
33914     0.097928  1195.25  397.25   2   
33914     0.115160  1195.25  398.75   2   
33914     0.122263  1195.25  399.5   2   
33914     0.137286  1195.25  401   2   
33914     0.146494  1195.25  401.75   2   
33914     0.154553  1195.25  402.5   2   
33914     0.161010  1195.25  403.25   2   
33914     0.170513  1195.25  404   2   
33914     0.178194  1195.25  404.75   2   
33914     0.186022  1195.25  406.25   2   
33914     0.201418  1195.25  407   2   
33914     0.209384  1195.25  408.5   2   
33914     0.226003  1195.25  409.25   2   
33914     0.234021  1195.25  410.75   2   
33914     0.241731  1195.25  412.25   2   
33914     0.249494  1195.25  413   2   
33914     0.258830  1195.25  413.75   2   
33914     0.265821  1195.25  414.5   2   
33914     0.273779  1195.25  416   2   
33914     0.289939  1195.25  417.5   2   
33914     0.299097  1195.25  418.25   2   
33914     0.317058  1195.25  419.75   2   
33914     0.330102  1195.25  420.5   2   
33915     0.226718  1195.25  423.5   2   
33915     0.233621  1190.75  10.75   1   
33915     0.249617  1190  13   1   
33915     0.256757  1190  14.5   1   
33915     0.265672  1190  15.25   1   
33915     0.273806  1190  16.75   1   
33915     0.281510  1190  18.25   1   
33915     0.289078  1189.25  19.75   1   
33915     0.305756  1189.25  21.25   1   
33915     0.319000  1189.25  22   1   
33915     0.323398  1189.25  22.75   1   
33915     0.329749  1188.5  24.25   1   
33915     0.523008  1188.5  25   1   
33915     0.906754  1187.75  25   1   
33916     0.622862  1179.5  160   1   
33916     0.631479  1179.5  162.25   1   
33916     0.634736  1179.5  163.75   1   
33916     0.640849  1179.5  165.25   1   
33916     0.649492  1179.5  166   1   
33916     0.657725  1178.75  167.5   1   
33916     0.683492  1178.75  168.25   1   
33917     0.267805  1178.75  166.75   1   
33917     0.278895  1180.25  166   1   
33917     0.306069  1181  166   1   
33917     0.315470  1181.75  166   1   
33917     0.323545  1182.5  166   1   
33917     0.329853  1184  166   1   
33917     0.338235  1187  166   1   
33917     0.345420  1189.25  168.25   1   
33917     0.354244  1193  172.75   1   
33917     0.361870  1196.75  176.5   1   
33917     0.370436  1199.75  179.5   1   
33917     0.377497  1203.5  184   1   
33917     0.385736  1208  187.75   1   
33917     0.394045  1213.25  192.25   1   
33917     0.403120  1220  197.5   1   
33917     0.411812  1225.25  202.75   1   
33917     0.494765  1298.75  295.75   1   
33917     0.513665  1304.75  304.75   1   
33917     0.521741  1304.75  305.5   1   
33917     0.551106  1305.5  307.75   1   
33917     0.693305  1307  313   1   
33917     0.703362  1307.75  317.5   1   
33917     0.713693  1308.5  324.25   1   
33917     0.721508  1309.25  334   1   
33917     0.741836  1309.25  341.5   1   
33917     0.749851  1312.25  352.75   1   
33917     0.756768  1312.25  356.5   1   
33917     0.779090  1313.75  365.5   1   
33917     0.785576  1316  373   1   
33917     0.811203  1318.25  377.5   1   
33917     0.819166  1321.25  383.5   1   
33917     0.826862  1322  384.25   1   
33917     0.852772  1325  388.75   1   
33917     0.859457  1326.5  391   1   
33918     0.059270  1328.75  394   1   
33918     0.060155  1329.5  394.75   1   
33918     0.060821  1331  395.5   1   
33918     0.061287  1331.75  396.25   1   
33918     0.061707  1332.5  397   1   
33918     0.062129  1333.25  397   1   
33918     0.062538  1334  397   1   
33918     0.170493  1334.75  396.25   1   
33918     0.185604  1334.75  394.75   1   
33918     0.194474  1334.75  394   1   
33922     0.322429  1334.75  400   1   
33922     0.329515  1337  408.25   1   
33922     0.336441  1337.75  418.75   1   
33922     0.353421  1340.75  439.75   1   
33922     0.363479  1341.5  448.75   1   
33922     0.372494  1343  457   1   
33922     0.379757  1343  463   1   
33922     0.385462  1343  469   1   
33922     0.392348  1343  472   1   
33922     0.400080  1343  475.75   1   
33922     0.407812  1343  478   1   
33922     0.415975  1343  479.5   1   
33922     0.423988  1343  481.75   1   
33922     0.432376  1343  484   1   
33922     0.441137  1343  484.75   1   
33922     0.450556  1343  485.5   1   
33922     0.458529  1344.5  486.25   1   
33922     0.511858  1349  491.5   1   
33922     0.517499  1349  493   1   
33922     0.530837  1349.75  493.75   1   
33922     0.546082  1349.75  495.25   1   
33922     0.554239  1349.75  496.75   1   
33922     0.563185  1349.75  497.5   1   
33922     0.570821  1349.75  499   1   
33922     0.578113  1349.75  501.25   1   
33922     0.585960  1349.75  502.75   1   
33922     0.593453  1349.75  505   1   
33922     0.601420  1349.75  505.75   1   
33922     0.609266  1349.75  508   1   
33922     0.794478  1344.5  528.25   1   
33923     0.387542  1339.25  525.25   1   
33923     0.398640  1338.5  517.75   1   
33923     0.408098  1337.75  510.25   1   
33923     0.415715  1334.75  500.5   1   
33923     0.421738  1334  490.75   1   
33923     0.426525  1330.25  480.25   1   
33923     0.432594  1325  463.75   1   
33923     0.441361  1320.5  451   1   
33923     0.448713  1316.75  435.25   1   
33923     0.456361  1313  419.5   1   
33923     0.465981  1307.75  400.75   1   
33923     0.472427  1301.75  382   1   
33923     0.481491  1295.75  363.25   1   
33923     0.488570  1290.5  346.75   1   
33923     0.497693  1284.5  330.25   1   
33923     0.504858  1277  314.5   1   
33923     0.512865  1271.75  301.75   1   
33923     0.521467  1265  288.25   1   
33923     0.529540  1260.5  280.75   1   
33923     0.536994  1254.5  272.5   1   
33923     0.544579  1250.75  266.5   1   
33923     0.553062  1246.25  262   1   
33923     0.560579  1242.5  258.25   1   
33923     0.568400  1238  255.25   1   
33923     0.576280  1233.5  252.25   1   
33923     0.584368  1228.25  250   1   
33923     0.593165  1222.25  249.25   1   
33923     0.600299  1214.75  249.25   1   
33923     0.608512  1206.5  248.5   1   
33923     0.674928  1115  286   1   
33923     0.681488  1035.5  340   1   
33923     0.692889  1013  358   1   
33923     0.701440  989.75  378.25   1   
33923     0.704210  972.5  391.75   1   
33923     0.715069  951.5  408.25   1   
33923     0.723822  936.5  421   1   
33923     0.733234  926  430   1   
33923     0.735944  918.5  436.75   1   
33923     0.745433  912.5  440.5   1   
33923     0.753380  910.25  443.5   1   
33923     0.761670  908  445   1   
33923     0.769631  908  445.75   1   
33924     0.147071  907.25  445   1   
33924     0.157631  907.25  440.5   1   
33924     0.166139  907.25  434.5   1   
33924     0.172734  907.25  427   1   
33924     0.178177  907.25  419.5   1   
33924     0.185060  907.25  410.5   1   
33924     0.192612  907.25  402.25   1   
33924     0.200522  908  393.25   1   
33924     0.208723  909.5  383.5   1   
33924     0.216755  912.5  374.5   1   
33924     0.224119  915.5  364   1   
33924     0.232520  918.5  353.5   1   
33924     0.239941  920.75  343.75   1   
33924     0.248483  924.5  335.5   1   
33924     0.256487  926.75  326.5   1   
33924     0.264740  929  319   1   
33924     0.272570  930.5  313   1   
33924     0.280806  933.5  308.5   1   
33924     0.287841  935.75  302.5   1   
33924     0.296412  937.25  299.5   1   
33924     0.304470  939.5  296.5   1   
33924     0.312484  940.25  295   1   
33924     0.321512  942.5  292.75   1   
33924     0.328577  944.75  289.75   1   
33924     0.336572  947.75  287.5   1   
33924     0.344228  949.25  286   1   
33924     0.352106  952.25  284.5   1   
33924     0.360730  956.75  281.5   1   
33924     0.368463  960.5  280   1   
33924     0.376847  968  277.75   1   
33924     0.384482  971.75  276.25   1   
33924     0.392512  980  273.25   1   
33924     0.400403  988.25  272.5   1   
33924     0.408385  998  271.75   1   
33924     0.416349  1009.25  271   1   
33924     0.424182  1019.75  271   1   
33924     0.431818  1034  271   1   
33924     0.440876  1048.25  271   1   
33924     0.448715  1060.25  271   1   
33924     0.456375  1071.5  271   1   
33924     0.464280  1084.25  274   1   
33924     0.472102  1097  277.75   1   
33924     0.480667  1107.5  281.5   1   
33924     0.489031  1115.75  284.5   1   
33924     0.496662  1124  289   1   
33924     0.504478  1131.5  292   1   
33924     0.512088  1139  295   1   
33924     0.520337  1144.25  298   1   
33924     0.528840  1146.5  299.5   1   
33924     0.536316  1150.25  302.5   1   
33924     0.544344  1151  303.25   1   
33924     0.552252  1154  304.75   1   
33924     0.560184  1154.75  306.25   1   
33924     0.576181  1156.25  307   1   
33924     0.592347  1156.25  308.5   1   
33924     0.600646  1157  310   1   
33924     0.616403  1157  310.75   1   
33924     0.634477  1157  311.5   1   
33924     0.648966  1157  312.25   1   
33924     0.657291  1157.75  313   1   
33924     0.681025  1158.5  313.75   1   
33924     0.786902  1160  313.75   1   
33924     0.872338  1192.25  301.75   1   
33924     0.877860  1196  300.25   1   
33924     0.881322  1202  298   1   
33924     0.892563  1207.25  295.75   1   
33924     0.901619  1211.75  294.25   1   
33924     0.904533  1216.25  292.75   1   
33924     0.915870  1220  290.5   1   
33924     0.923982  1223.75  289   1   
33924     0.933377  1226.75  288.25   1   
33924     0.936102  1227.5  286.75   1   
33924     0.946572  1229.75  286.75   1   
33924     0.954906  1230.5  286.75   1   
33924     0.970895  1232  286.75   1   
33925     0.172224  1217.75  328.75   1   
33925     0.181549  1212.5  334   1   
33925     0.182115  1207.25  337.75   1   
33925     0.182574  1200.5  342.25   1   
33925     0.183020  1195.25  344.5   1   
33925     0.183480  1187  346.75   1   
33925     0.183932  1182.5  346.75   1   
33925     0.184366  1178  347.5   1   
33925     0.184793  1172.75  347.5   1   
33925     0.185208  1169.75  347.5   1   
33925     0.185605  1166  346   1   
33925     0.185979  1161.5  343   1   
33925     0.186367  1158.5  339.25   1   
33925     0.186772  1154.75  335.5   1   
33925     0.192020  1151  331   1   
33925     0.200310  1146.5  326.5   1   
33925     0.208591  1144.25  322.75   1   
33925     0.216515  1140.5  316.75   1   
33925     0.223995  1139  312.25   1   
33925     0.231955  1136.75  307   1   
33925     0.240541  1136  301.75   1   
33925     0.248409  1135.25  296.5   1   
33925     0.256303  1135.25  290.5   1   
33925     0.264146  1135.25  286.75   1   
33925     0.272371  1135.25  280.75   1   
33925     0.280407  1135.25  275.5   1   
33925     0.288782  1137.5  268.75   1   
33925     0.296569  1139  265   1   
33925     0.304044  1143.5  259.75   1   
33925     0.312392  1145.75  256.75   1   
33925     0.320694  1149.5  253   1   
33925     0.328570  1154  250   1   
33925     0.336503  1158.5  247.75   1   
33925     0.344245  1163  244.75   1   
33925     0.352416  1166.75  243.25   1   
33925     0.360660  1169  241.75   1   
33925     0.369134  1172  241   1   
33925     0.376154  1175.75  241   1   
33925     0.384183  1177.25  241   1   
33925     0.392332  1179.5  241   1   
33925     0.400842  1182.5  241.75   1   
33925     0.409134  1186.25  245.5   1   
33925     0.416961  1188.5  248.5   1   
33925     0.424870  1192.25  253.75   1   
33925     0.432645  1195.25  259.75   1   
33925     0.440923  1198.25  266.5   1   
33925     0.448647  1201.25  274.75   1   
33925     0.455899  1203.5  283   1   
33925     0.464138  1205.75  289.75   1   
33925     0.472116  1207.25  298   1   
33925     0.480244  1209.5  307   1   
33925     0.488455  1211.75  315.25   1   
33925     0.496492  1214.75  325   1   
33925     0.505262  1217  334   1   
33925     0.512316  1220  342.25   1   
33925     0.520433  1222.25  352   1   
33925     0.529026  1225.25  361   1   
33925     0.537344  1228.25  367.75   1   
33925     0.545078  1231.25  375.25   1   
33925     0.552561  1235  381.25   1   
33925     0.560150  1241  388.75   1   
33925     0.568946  1247  396.25   1   
33925     0.576733  1253.75  403   1   
33925     0.584525  1262.75  412   1   
33925     0.592423  1270.25  418   1   
33925     0.600547  1276.25  422.5   1   
33925     0.608990  1283  427.75   1   
33925     0.616665  1289  432.25   1   
33925     0.624243  1293.5  436   1   
33925     0.632211  1298.75  440.5   1   
33925     0.640435  1302.5  444.25   1   
33925     0.648370  1305.5  448.75   1   
33925     0.656206  1309.25  453.25   1   
33925     0.664330  1311.5  455.5   1   
33925     0.672208  1312.25  457   1   
33925     0.680918  1314.5  460.75   1   
33925     0.689264  1315.25  462.25   1   
33925     0.697700  1317.5  464.5   1   
33925     0.704803  1318.25  466   1   
33925     0.713019  1320.5  469   1   
33925     0.721024  1321.25  471.25   1   
33925     0.728618  1323.5  472.75   1   
33925     0.736979  1324.25  475   1   
33925     0.743969  1326.5  477.25   1   
33925     0.752389  1326.5  478   1   
33925     0.760701  1327.25  479.5   1   
33925     0.768378  1328.75  481.75   1   
33925     0.776334  1328.75  482.5   1   
33925     0.784870  1329.5  483.25   1   
33925     0.792402  1330.25  485.5   1   
33925     0.800444  1331  486.25   1   
33925     0.808339  1331.75  487   1   
33925     0.816900  1331.75  487.75   1   
33925     0.824614  1332.5  488.5   1   
33925     0.840807  1333.25  490   1   
33925     0.873183  1334  490.75   1   
33926     0.079847  1352.75  490   1   
33926     0.088034  1358  490   1   
33926     0.091637  1360.25  490   1   
33926     0.102343  1364  490   1   
33926     0.110933  1367  490   1   
33926     0.118718  1370.75  490.75   1   
33926     0.127115  1374.5  492.25   1   
33926     0.136549  1378.25  493   1   
33926     0.138591  1380.5  494.5   1   
33926     0.145910  1382  495.25   1   
33926     0.154648  1383.5  496.75   1   
33926     0.161500  1384.25  497.5   1   
33926     0.170331  1386.5  498.25   1   
33926     0.178579  1387.25  499   1   
33926     0.185695  1388  499.75   1   
33926     0.369453  1390.25  502   1   
33926     0.683947  1390.25  501.25   1   
33926     0.706101  1389.5  500.5   1   
33926     0.731064  1389.5  499.75   1   
33926     0.761633  1388.75  498.25   1   
33926     0.786386  1388.75  497.5   1   
33926     0.793340  1388.75  496.75   1   
33926     0.809464  1387.25  496   1   
33926     0.833395  1387.25  495.25   1   
33926     0.849295  1387.25  494.5   1   
33926     0.857732  1386.5  494.5   1   
33926     0.898473  1386.5  493.75   1   
33926     0.913213  1385.75  493   1   
33926     0.937859  1384.25  492.25   1   
33926     0.945914  1382.75  492.25   1   
33926     0.953739  1382  491.5   1   
33926     0.961635  1380.5  491.5   1   
33926     0.969043  1377.5  490.75   1   
33926     0.977227  1376.75  490   1   
33926     0.985572  1373.75  490   1   
33926     0.992806  1368.5  489.25   1   
33927     0.001097  1366.25  489.25   1   
33927     0.008980  1362.5  488.5   1   
33927     0.016713  1358.75  488.5   1   
33927     0.025177  1354.25  486.25   1   
33927     0.032849  1349  486.25   1   
33927     0.040996  1342.25  485.5   1   
33927     0.048918  1337.75  484.75   1   
33927     0.056815  1330.25  483.25   1   
33927     0.065032  1324.25  482.5   1   
33927     0.072866  1318.25  481   1   
33927     0.080435  1313  478.75   1   
33927     0.088385  1306.25  477.25   1   
33927     0.096872  1303.25  475.75   1   
33927     0.104486  1297.25  474.25   1   
33927     0.112248  1292.75  471.25   1   
33927     0.120303  1288.25  469.75   1   
33927     0.129553  1281.5  467.5   1   
33927     0.138642  1277  464.5   1   
33927     0.146497  1274  462.25   1   
33927     0.152649  1268  458.5   1   
33927     0.159823  1263.5  454.75   1   
33927     0.167798  1260.5  451.75   1   
33927     0.176741  1255.25  447.25   1   
33927     0.185215  1253.75  444.25   1   
33927     0.257264  1229  409.75   1   
33927     0.267802  1226  406   1   
33927     0.277652  1222.25  401.5   1   
33927     0.280698  1218.5  397.75   1   
33927     0.289427  1214  393.25   1   
33927     0.298204  1210.25  389.5   1   
33927     0.306460  1205  384.25   1   
33927     0.315467  1202.75  381.25   1   
33927     0.323141  1199  377.5   1   
33927     0.330763  1193  373   1   
33927     0.338570  1188.5  369.25   1   
33927     0.346077  1183.25  365.5   1   
33927     0.353869  1175.75  361.75   1   
33927     0.361533  1168.25  357.25   1   
33927     0.551154  1160  353.5   1   
33927     0.551919  1152.5  349.75   1   
33927     0.552464  989  313   1   
33927     0.556974  988.25  309.25   1   
33927     0.560520  988.25  306.25   1   
33927     0.568545  988.25  301   1   
33927     0.576073  988.25  298   1   
33927     0.584028  988.25  292   1   
33927     0.591892  989.75  286   1   
33927     0.599904  991.25  279.25   1   
33927     0.607972  994.25  273.25   1   
33927     0.616602  997.25  266.5   1   
33927     0.623888  1001.75  259.75   1   
33927     0.632805  1005.5  253   1   
33927     0.641027  1010  246.25   1   
33927     0.648742  1014.5  241.75   1   
33927     0.656758  1021.25  237.25   1   
33927     0.664206  1027.25  232   1   
33927     0.673160  1034  228.25   1   
33927     0.680114  1040  226   1   
33927     0.688021  1045.25  223   1   
33927     0.695871  1052.75  219.25   1   
33927     0.703985  1059.5  216.25   1   
33927     0.712551  1064.75  214.75   1   
33927     0.720507  1070.75  211.75   1   
33927     0.728322  1076  210.25   1   
33927     0.736040  1081.25  208.75   1   
33927     0.744364  1085  207.25   1   
33927     0.752363  1090.25  206.5   1   
33927     0.761124  1095.5  205   1   
33927     0.768566  1099.25  205   1   
33927     0.776103  1105.25  205   1   
33927     0.784030  1109.75  205   1   
33927     0.792572  1115.75  205   1   
33927     0.800582  1118.75  205   1   
33927     0.808349  1124  205.75   1   
33927     0.816283  1127  206.5   1   
33927     0.824398  1131.5  208   1   
33927     0.832460  1134.5  209.5   1   
33927     0.840617  1138.25  209.5   1   
33927     0.847999  1141.25  211.75   1   
33927     0.856464  1144.25  212.5   1   
33927     0.864628  1146.5  214.75   1   
33927     0.872359  1148.75  215.5   1   
33927     0.880276  1151  217.75   1   
33927     0.887986  1152.5  218.5   1   
33927     0.896060  1154  220   1   
33927     0.903998  1155.5  221.5   1   
33927     0.911998  1157  223   1   
33927     0.919946  1158.5  226   1   
33927     0.928927  1159.25  226.75   1   
33927     0.936863  1161.5  229.75   1   
33927     0.944489  1161.5  231.25   1   
33927     0.952200  1162.25  232.75   1   
33927     0.960517  1163  232.75   1   
33927     0.967980  1163.75  235   1   
33927     0.976483  1163.75  235.75   1   
33927     0.984559  1164.5  236.5   1   
33927     0.992395  1164.5  237.25   1   
33928     0.008914  1164.5  238   1   
33928     0.024758  1164.5  238.75   1   
33928     0.040851  1164.5  239.5   1   
33928     0.056734  1164.5  241   1   
33928     0.075479  1164.5  242.5   1   
33928     0.082329  1164.5  243.25   1   
33928     0.089538  1163  244   1   
33928     0.098172  1163  245.5   1   
33928     0.106707  1162.25  247   1   
33928     0.113726  1160.75  247.75   1   
33928     0.120989  1160.75  248.5   1   
33928     0.128940  1159.25  250   1   
33928     0.136535  1158.5  250.75   1   
33928     0.144425  1157.75  250.75   1   
33928     0.152374  1157  251.5   1   
33928     0.160321  1157  252.25   1   
33928     0.168322  1155.5  253   1   
33928     0.176344  1154  253.75   1   
33928     0.184258  1153.25  254.5   1   
33928     0.192982  1151.75  256.75   1   
33928     0.200877  1151  258.25   1   
33928     0.209174  1148.75  260.5   1   
33928     0.216492  1148.75  262   1   
33928     0.225808  1147.25  264.25   1   
33928     0.232326  1145.75  266.5   1   
33928     0.240552  1144.25  269.5   1   
33928     0.248288  1142  272.5   1   
33928     0.257171  1140.5  275.5   1   
33928     0.265189  1139.75  278.5   1   
33928     0.272795  1138.25  281.5   1   
33928     0.280813  1137.5  285.25   1   
33928     0.288564  1136  287.5   1   
33928     0.297037  1135.25  289.75   1   
33928     0.304595  1133.75  293.5   1   
33928     0.314087  1132.25  295   1   
33928     0.320464  1132.25  298   1   
33928     0.328442  1131.5  301   1   
33928     0.336431  1130  304   1   
33928     0.346714  1130  307.75   1   
33928     0.354035  1129.25  309.25   1   
33928     0.360974  1129.25  312.25   1   
33928     0.427412  1129.25  323.5   1   
33928     0.433086  1129.25  325.75   1   
33928     0.458381  1129.25  326.5   1   
33928     0.474637  1129.25  327.25   1   
33928     0.498777  1129.25  328   1   
33928     0.703067  1128.5  337.75   1   
33928     0.711488  1128.5  338.5   1   
33928     0.728035  1128.5  339.25   1   
33928     0.881593  1128.5  337.75   1   
33928     0.890699  1128.5  335.5   1   
33928     0.899297  1128.5  334.75   1   
33928     0.907639  1128.5  332.5   1   
33928     0.913955  1128.5  329.5   1   
33928     0.920455  1128.5  326.5   1   
33928     0.928576  1128.5  323.5   1   
33928     0.937670  1130  319   1   
33928     0.944499  1130.75  313.75   1   
33928     0.953351  1131.5  307.75   1   
33928     0.962301  1132.25  301.75   1   
33928     0.970864  1133.75  295.75   1   
33928     0.978335  1134.5  289   1   
33928     0.984698  1135.25  282.25   1   
33928     0.993229  1136  276.25   1   
33929     0.000217  1137.5  268   1   
33929     0.008667  1138.25  260.5   1   
33929     0.016880  1141.25  251.5   1   
33929     0.024219  1143.5  244.75   1   
33929     0.032445  1146.5  235   1   
33929     0.041054  1150.25  225.25   1   
33929     0.048985  1151.75  215.5   1   
33929     0.057360  1154.75  206.5   1   
33929     0.065102  1159.25  197.5   1   
33929     0.072797  1162.25  189.25   1   
33929     0.080872  1165.25  181.75   1   
33929     0.088312  1169  173.5   1   
33929     0.096177  1172  166   1   
33929     0.104532  1175.75  158.5   1   
33929     0.112960  1179.5  152.5   1   
33929     0.120563  1184  145.75   1   
33929     0.128368  1187.75  139.75   1   
33929     0.136404  1190.75  133   1   
33929     0.144368  1194.5  128.5   1   
33929     0.152637  1198.25  124   1   
33929     0.160583  1203.5  118   1   
33929     0.168222  1208  113.5   1   
33929     0.176581  1214.75  109   1   
33929     0.184646  1220.75  104.5   1   
33929     0.192417  1228.25  101.5   1   
33929     0.200303  1236.5  100   1   
33929     0.208839  1244.75  97.75   1   
33929     0.216797  1252.25  97   1   
33929     0.224804  1261.25  95.5   1   
33929     0.232498  1269.5  95.5   1   
33929     0.241213  1276.25  95.5   1   
33929     0.248321  1283.75  95.5   1   
33929     0.256846  1288.25  95.5   1   
33929     0.264562  1295  95.5   1   
33929     0.272319  1298  97   1   
33929     0.280774  1301.75  99.25   1   
33929     0.289422  1305.5  101.5   1   
33929     0.298037  1307.75  103   1   
33929     0.304826  1310  105.25   1   
33929     0.312139  1312.25  106.75   1   
33929     0.320175  1314.5  110.5   1   
33929     0.328166  1315.25  114.25   1   
33929     0.336121  1319  119.5   1   
33929     0.344397  1320.5  124.75   1   
33929     0.352022  1322.75  133   1   
33929     0.360173  1324.25  142   1   
33929     0.368326  1328  152.5   1   
33929     0.376135  1331  166   1   
33929     0.384322  1332.5  178   1   
33929     0.392317  1333.25  188.5   1   
33929     0.400441  1334.75  199.75   1   
33929     0.408467  1336.25  211   1   
33929     0.416635  1336.25  223   1   
33929     0.424616  1336.25  235.75   1   
33929     0.432621  1336.25  246.25   1   
33929     0.440810  1336.25  257.5   1   
33929     0.448484  1336.25  268   1   
33929     0.456379  1336.25  277.75   1   
33929     0.466882  1336.25  286.75   1   
33929     0.473346  1334.75  294.25   1   
33929     0.480409  1334.75  300.25   1   
33929     0.488562  1334  307   1   
33929     0.496634  1333.25  311.5   1   
33929     0.505065  1331.75  316   1   
33929     0.513480  1331.75  319.75   1   
33929     0.520487  1331  325   1   
33929     0.591046  1321.25  356.5   1   
33929     0.597253  1320.5  360.25   1   
33929     0.602317  1319.75  363.25   1   
33929     0.615174  1318.25  366.25   1   
33929     0.617839  1317.5  370   1   
33929     0.626042  1316.75  373.75   1   
33929     0.636166  1316  376.75   1   
33929     0.644368  1314.5  382   1   
33929     0.656517  1314.5  384.25   1   
33929     0.659251  1313.75  388   1   
33929     0.667247  1313.75  390.25   1   
33929     0.675556  1313.75  393.25   1   
33929     0.683344  1313.75  396.25   1   
33929     0.691720  1313  398.5   1   
33929     0.701054  1313  400.75   1   
33929     0.708594  1313  402.25   1   
33929     0.898379  1352.75  475   1   
33929     0.906146  1355.75  481   1   
33929     0.914538  1359.5  487.75   1   
33929     0.920340  1362.5  493   1   
33929     0.928355  1367  501.25   1   
33929     0.936143  1370.75  507.25   1   
33929     0.944534  1374.5  515.5   1   
33929     0.952963  1376  518.5   1   
33929     0.961090  1379  521.5   1   
33929     0.968695  1381.25  523.75   1   
33929     0.976475  1382.75  528.25   1   
33931     0.282870  1353.5  529   1   
33931     0.293498  1354.25  524.5   1   
33931     0.302734  1357.25  518.5   1   
33931     0.310443  1358.75  510.25   1   
33931     0.314069  1362.5  499.75   1   
33931     0.320647  1367.75  481   1   
33931     0.328533  1371.5  461.5   1   
33931     0.338011  1373.75  439.75   1   
33931     0.344425  1379  418   1   
33931     0.352684  1379.75  397   1   
33931     0.360991  1383.5  377.5   1   
33931     0.368983  1385.75  360.25   1   
33931     0.377169  1388.75  344.5   1   
33931     0.385812  1391  322.75   1   
33931     0.393878  1391.75  306.25   1   
33931     0.400900  1396.25  280.75   1   
33931     0.409249  1397  253.75   1   
33931     0.416684  1402.25  226   1   
33931     0.424819  1402.25  203.5   1   
33931     0.433058  1402.25  181   1   
33931     0.441603  1402.25  158.5   1   
33931     0.450375  1402.25  138.25   1   
33931     0.457414  1401.5  124.75   1   
33931     0.465846  1399.25  113.5   1   
33931     0.472822  1396.25  103.75   1   
33931     0.483630  1394  95.5   1   
33931     0.488841  1391.75  86.5   1   
33931     0.497875  1391  77.5   1   
33931     0.505338  1388.75  67.75   1   
33931     0.516527  1388  57.25   1   
33931     0.521202  1385  43   1   
33931     0.529191  1384.25  34.75   1   
33931     0.537754  1383.5  24.25   1   
33931     0.545030  1379.75  15.25   1   
33931     0.555254  1378.25  7   1   
33931     0.579239  1371.5  418.25   2   
33931     0.585018  1369.25  412.25   2   
33931     0.593543  1367.75  407   2   
33931     0.601226  1364.75  401.75   2   
33931     0.609042  1364  396.5   2   
33931     0.617585  1361  390.5   2   
33931     0.625358  1358.75  383   2   
33931     0.632440  1355.75  377.75   2   
33931     0.640688  1352  370.25   2   
33931     0.648834  1347.5  363.5   2   
33931     0.657310  1343.75  358.25   2   
33931     0.665105  1340  353   2   
33931     0.672680  1336.25  348.5   2   
33931     0.681067  1331.75  344   2   
33931     0.688452  1328.75  340.25   2   
33931     0.697042  1325.75  335.75   2   
33931     0.704656  1322.75  332   2   
33931     0.712415  1320.5  329.75   2   
33931     0.720780  1318.25  327.5   2   
33931     0.728502  1314.5  324.5   2   
33931     0.736468  1311.5  322.25   2   
33931     0.744474  1310  321.5   2   
33931     0.752654  1307.75  319.25   2   
33931     0.760449  1306.25  318.5   2   
33931     0.768679  1302.5  316.25   2   
33931     0.776538  1300.25  315.5   2   
33931     0.785633  1298  314.75   2   
33931     0.792469  1295.75  312.5   2   
33931     0.800542  1292.75  312.5   2   
33931     0.808447  1289.75  311.75   2   
33931     0.816675  1286.75  310.25   2   
33931     0.824328  1283  310.25   2   
33931     0.833004  1280.75  309.5   2   
33931     0.840897  1279.25  309.5   2   
33931     0.848548  1277  308.75   2   
33931     0.856405  1276.25  308.75   2   
33931     0.865568  1275.5  308.75   2   
33931     0.873202  1273.25  308.75   2   
33931     0.881421  1272.5  308.75   2   
33931     0.888719  1271.75  308.75   2   
33931     0.896677  1271  308.75   2   
33931     0.905335  1268.75  308.75   2   
33931     0.964008  1267.25  307.25   2   
33932     0.018206  1267.25  308.75   2   
33932     0.026284  1267.25  311.75   2   
33932     0.034192  1267.25  316.25   2   
33932     0.041764  1267.25  323   2   
33932     0.049596  1267.25  328.25   2   
33932     0.140071  1280.75  416.75   2   
33932     0.149405  1340  331.75   1   
33932     0.160522  1341.5  373   1   
33932     0.168512  1341.5  385   1   
33932     0.176317  1341.5  394   1   
33932     0.185017  1341.5  400   1   
33932     0.192447  1341.5  405.25   1   
33932     0.200332  1341.5  408.25   1   
33932     0.207946  1341.5  412.75   1   
33932     0.215810  1341.5  415   1   
33932     0.224647  1341.5  416.5   1   
33932     0.231825  1341.5  417.25   1   
33932     0.240663  1341.5  418   1   
33932     0.247753  1341.5  418.75   1   
33932     0.264516  1341.5  420.25   1   
33932     0.272599  1341.5  421   1   
33932     0.280342  1341.5  421.75   1   
33932     0.288485  1341.5  422.5   1   
33932     0.296655  1341.5  424   1   
33932     0.312551  1341.5  426.25   1   
33932     0.328521  1341.5  427   1   
33932     0.336719  1341.5  428.5   1   
33932     0.344591  1341.5  429.25   1   
33932     0.352468  1341.5  430   1   
33932     0.360593  1341.5  431.5   1   
33932     0.376075  1341.5  433   1   
33932     0.383999  1340.75  434.5   1   
33932     0.400088  1340.75  436   1   
33932     0.432880  1339.25  439   1   
33932     0.577269  1339.25  439.75   1   
33932     0.713777  1339.25  440.5   1   
33932     0.722473  1339.25  441.25   1   
33932     0.730667  1339.25  442.75   1   
33932     0.737712  1337.75  445.75   1   
33932     0.744691  1337.75  446.5   1   
33932     0.752344  1337  448.75   1   
33932     0.759685  1337  451   1   
33932     0.768348  1337  453.25   1   
33932     0.775883  1337  454.75   1   
33932     0.783792  1336.25  457.75   1   
33932     0.792381  1336.25  460   1   
33932     0.800348  1334.75  463   1   
33932     0.808346  1334.75  465.25   1   
33932     0.815831  1334.75  467.5   1   
33932     0.823907  1334  469   1   
33932     0.832388  1334  469.75   1   
33932     0.840428  1334  472   1   
33932     0.848375  1334  472.75   1   
33932     0.856465  1334  473.5   1   
33932     0.864550  1333.25  474.25   1   
33933     0.017156  1332.5  475   1   
33933     0.041457  1331.75  475   1   
33933     0.050315  1330.25  475   1   
33933     0.058564  1328.75  475   1   
33933     0.064749  1326.5  473.5   1   
33933     0.072184  1322.75  472   1   
33933     0.080048  1320.5  470.5   1   
33933     0.087863  1316.75  469   1   
33933     0.095886  1313.75  466.75   1   
33933     0.104196  1310  465.25   1   
33933     0.112063  1307  463.75   1   
33933     0.119904  1302.5  462.25   1   
33933     0.127973  1300.25  460.75   1   
33933     0.135862  1296.5  459.25   1   
